146,35
47,133
47,132
47,131
47,130
47,129
47,128
47,127
47,126
47,125
47,124
47,123
47,122
47,121
47,120
47,119
47,118
47,117
47,116
47,115
47,114
47,113
47,112
47,111
47,110
47,109
47,108
47,107
47,106
47,105
47,104
47,103
47,102
47,101
47,100
47,99
47,98
47,97
47,96
47,95
47,94
47,93
47,92
47,91
47,90
47,89
47,88
47,87
47,86
47,84
47,82
47,81
47,80
47,79
47,78
47,77
47,76
47,75
47,74
47,73
47,72
47,71
47,70
47,69
47,68
47,67
47,66
47,65
47,64
47,13
47,12
47,11
47,10
47,9
47,8
47,7
47,6
47,5
47,4
47,3
47,1
14,5
12,3
12,2
12,1
11,30
11,29
11,28
11,27
11,26
11,25
11,24
11,23
11,22
11,21
11,20
11,19
11,18
11,17
11,16
11,15
11,14
11,13
11,12
11,11
11,10
11,9
11,8
11,7
11,6
11,4
11,3
20,2
11,2
20,1
11,1
20,3
10,308
10,303
10,302
19,2
19,1
10,294
19,3
10,280
10,274
10,272
10,265
10,263
10,252
10,246
10,227
10,219
10,216
10,206
10,188
10,181
10,174
10,164
10,119
18,1
10,118
10,114
18,3
10,97
10,78
10,77
14,1
10,25
14,4
10,24
10,3
10,2
14,3
13,1
10,1
9,7
9,6
9,5
9,4
9,3
13,3
9,2
9,1
8,17
8,16
8,15
8,14
8,13
8,11
8,10
8,9
8,8
8,7
